 var 2.0                 
          10
           0
           0
           1
    16000.000000
       30.000000
           0
           0
           1
           0
    5.000000E-01
    5.500000E-02    5.600000E-02    6.300000E-02    7.200000E-02
    8.800000E-02    1.000000E-01    1.320000E-01    1.650000E-01
    1.990000E-01    2.300000E-01
    9.000000E-02    9.200000E-02    9.200000E-02    9.100000E-02
    7.700000E-02    4.600000E-02    3.400000E-02    1.800000E-02
    2.600000E-02    2.600000E-02
     8365.000000
      400.000000      400.000000      400.200000      400.900000
      403.600000      406.600000      419.400000      439.500000
      467.700000      500.000000
   152865.000000   152865.000000   152865.000000   152865.000000
   189787.000000   189603.000000   188838.000000   187629.000000
   185937.000000   184000.000000
    1.370000E-05    1.370000E-05    1.370000E-05    1.370000E-05
    1.370000E-05    1.370000E-05    1.380000E-05    1.380000E-05
    1.390000E-05    1.400000E-05
     1260.000000     1260.000000     1259.900000     1259.500000
     1258.000000     1256.300000     1249.200000     1237.900000
     1222.100000     1204.000000
