20 400 500 600 700 800 801 802 803 804
2.00 1.90 1.84 1.73 1.55 1.46 1.46 1.46 1.46 1.46
12.5 13.7 14.0 14.4 14.8 15.4 15.4 15.4 15.4 15.4
1320 1260 1204 1011 779 508 508 508 508 508
20 400 500 600 700 800
0.0 0.0020 0.0025 0.0030 0.0040 0.0050 0.0070 0.0080 0.0100 0.0110
0.0 416.00 512.50 615.00 745.00 797.00 856.00 873.00 885.00 890.00
0.0 396.00 495.00 594.00 680.00 730.00 795.00 815.00 835.00 840.00
0.0 386.00 482.50 579.00 670.00 724.00 788.00 808.00 828.00 831.00
0.0 374.00 467.50 561.00 658.00 712.50 780.00 800.00 820.00 825.00
0.0 360.00 450.00 540.00 650.00 705.00 775.00 795.00 817.50 820.00
0.0 340.00 425.00 510.00 635.00 695.00 765.00 787.00 807.50 810.00

ùè742 àÑ