20 650 700 750 800 850 900 950 950 950
2.19 1.84 1.79 1.74 1.61 1.49 1.365 1.24 1.24 1.24
8.49 9.32 10.12 11 11.92 12.85 13.77 13.77 13.77 13.77
1210 598 484 363 242 242 242 242 242 242
20 650 700 750 800 850
0.0 0.0015 0.0030 0.0040 0.0050 0.0060 0.0070 0.0075 0.0090 0.0110
0.0 325.00 660.00 810.00 870.00 900.00 910.00 915.00 920.00 925.00
0.0 270.00 550.00 730.00 810.00 835.00 842.00 845.00 850.00 857.00
0.0 260.00 535.00 710.00 795.00 830.00 842.00 845.00 850.00 857.00
0.0 255.00 520.00 695.00 785.00 815.00 830.00 832.00 837.00 845.00
0.0 240.00 485.00 645.00 750.00 790.00 800.00 802.00 810.00 820.00
0.0 220.00 445.00 595.00 690.00 730.00 740.00 745.00 750.00 762.00

ùè741 çè {sig dl - false}