20 100 200 300 400 500 600 700 800 801
1.90 1.8 1.74 1.65 1.575 1.5 1.4 1.3 1.2 1.2
9.5 11.75 14.75 16.5 17.25 18.25 19.25 20.25 21.25 21.25
1100 1058 1006 954 902 850 700 440 220 220 
20 600 700 800 850 850
0.0 0.005 0.010 0.015 0.020 0.025 0.030 0.035 0.040 0.050
0.0 650.0 725.00 755.00 780.00 800.00 815.00 825.00 840.00 840.00
0.0 500.0 600.00 645.00 680.00 700.00 710.00 720.00 725.00 735.00
0.0 470.0 580.00 625.00 650.00 670.00 685.00 690.00 700.00 717.00
0.0 435.0 475.00 500.00 515.00 525.00 530.00 530.00 530.00 530.00
0.0 300.0 385.00 410.00 420.00 420.00 420.00 420.00 420.00 420.00
0.0 300.0 385.00 410.00 420.00 420.00 420.00 420.00 420.00 420.00

ïç77íûê (ùà437 Å)