20 400 500 600 700 800 801 802 803 804
1.86 1.73 1.69 1.66 1.49 1.34 1.34 1.34 1.34 1.34 
11.9 12.5 12.7 12.9 13.0 13.2 13.2 13.2 13.2 13.2 
1472 1380 1326 1213 996 708 708 708 708 708
20 400 500 600 700 800
0.0 0.002 0.003 0.004 0.005 0.007 0.009 0.011 0.013 0.040
0.0 373.0 559.0 746.0 932.0 1037.0 1052.0 1056.0 1060.0 1115.0
0.0 345.0 518.0 691.0 863.0 950.0 965.0 971.0 976.0 1050.0
0.0 338.0 508.0 677.0 846.0 926.0 942.0 948.0 954.0 1032.0
0.0 332.0 497.0 663.0 829.0 905.0 919.0 924.0 930.0 1007.0
0.0 298.0 447.0 596.0 746.0 881.0 904.0 908.0 911.0 958.0
0.0 269.0 403.0 538.0 672.0 866.0 903.0 904.0 904.0 916.0 

ùä151 àÑ