     ÃÄÐ ÃÒ      Äàòà  4.12. 7
     Èñõîäíûå äàííûå:
   4  2       106040.
   27.44      1318.      .1486E+07  700.0      .0000      .6000      .8500    
   .8500      .6200E-01  .1000    
   Êã=1.318  Rã= 290.0  Ñpã=1201.7
     Ñõåìà ïå÷àòè:
   D1c       D2c       h1        h2        Cmc       Cmð      n
   Mcò       Lñ*       Ïi*       Ïi        ÊÏÄ       Rc       R1c       T1w*
   U1        C1        C1a       C1u       alf1      be1      L1        Lw1
   U2        C2        C2a       C2u       alf2      be2      L2        Lw2
   T1        T1*       P1        P1*       T2        T2*      P2        P2*
   G1        G2        sca       bca       alfu      tca      fi        Zca
   Pu        Pa        sðê       bðê       beu       tðê      psi       Zðê
   Òëñà      Òëðê      Sñóì
     Ncò=  1
  .588      .600      .380E-01  .473E-01  .150      .200      .141E+05
  .780E+04  .279E+06  2.52      2.65      .883      .340      .264      .117E+04
  433.      621.      166.      598.      15.5      45.1      .946      .377    
  442.      180.      175.     -41.2      76.7      19.9      .302      .827    
  .115E+04  .131E+04  .799E+06  .137E+07  .106E+04  .107E+04  .560E+06  .590E+06
  28.0      28.4      .353E-01  .580E-01  37.4      .474E-01  .939      39
  .179E+05  .586E+04  .250E-01  .291E-01  59.1      .233E-01  .961      81
  .108E+04  971.      163.    
     Ncò=  2
  .630      .655      .647E-01  .710E-01  .130      .140      .101E+05
  .468E+04  .165E+06  1.87      1.98      .914      .320      .190      990.    
  332.      493.      167.      464.      19.8      51.7      .828      .372    
  345.      177.      175.     -27.3      81.1      25.1      .318      .718    
  971.      .107E+04  .375E+06  .565E+06  924.      937.      .298E+06  .316E+06
  28.4      28.4      .374E-01  .577E-01  40.5      .460E-01  .954      43
  .139E+05  .423E+04  .273E-01  .322E-01  58.0      .290E-01  .963      71
  .107E+04  940.      158.    
     Ncò=  3
  .655      .655      .915E-01  .105      .130      .140      .820E+04
  .370E+04  .130E+06  1.75      1.89      .917      .330      .154      874.    
  281.      446.      179.      408.      23.7      54.7      .802      .409    
  281.      192.      185.     -52.0      74.3      29.1      .368      .710    
  854.      937.      .208E+06  .305E+06  814.      829.      .167E+06  .181E+06
  28.4      28.4      .385E-01  .596E-01  40.3      .479E-01  .961      43
  .131E+05  .283E+04  .273E-01  .319E-01  58.7      .290E-01  .967      71
  937.      824.      143.    
     Ncò=  4
  .655      .655      .130      .146      .130      .140      .820E+04
  .314E+04  .111E+06  1.70      1.88      .920      .335      .815E-01  775.    
  281.      419.      195.      371.      27.7      65.3      .801      .424    
  281.      207.      206.     -18.7      84.8      34.5      .419      .720    
  756.      829.      .120E+06  .175E+06  720.      738.      .958E+05  .106E+06
  28.4      28.4      .380E-01  .540E-01  44.7      .403E-01  .965      51
  .111E+05  .290E+04  .273E-01  .335E-01  54.6      .317E-01  .970      65
  829.      725.      202.    
    Òã*=1318.0   Ðã*=  .1486E+07   Ñã=101.0   Òã=1313.8   Ðã=  .1466E+07
    D1ñ= .588    h1= .0380


